$ANSIBLE_VAULT;1.1;AES256
37353636373834613734623537383366633238626165303230353862313434666439333232393135
3032313435393631373632623462323238663962343466630a643764663338383730393238306135
65343465656338656563386239633532626261303761653731356138303864323863333536653833
3439653730316133390a363231333735646534346238653230363063653732336135623235346632
63303037396332623064376231363135613332623431303763633638383532356636623733336166
65343433646633333766663839626366393766323233656562653431333039613863353737323636
62356435626464333436393431626365393236303036393939613838383862356166653035626335
66313732633861326461303366363438363137653464353136326633386566373262363637376536
38393933306664636438396461633638333166636564363932646565386232336266633234316336
66326536333863353039366663623532626430623561313561633161323034656463646532646132
38643935383566666335663632643836666338373463396166616332653263333535376365343164
31316664613366396531336634326438363933373461396631613362363661616165313064376639
65653437346238313339363934393033393735313330663461336230313033313736376333663364
33323733393330393964633932363964316364363730633837613765616562613735626330373261
30343764346134303732363265626661643962636262313734613130623631646462616531333133
34386536616433373962343035623933636633383933313063373933316436323636383731313732
63616438613337306632306638623232336232326265643333306461613933313532656130643937
64396637323963613733326662313032386465613766366361326461373237363066366235373430
61633465316166636161373835643533623461373236383862636166333365633233633537333631
33353931376566303339316366316437323062383031386538316533303932643061653664313666
37313265323865623065643338613132653765616238353666383063623135623338343933393637
35363337326431623938383464356631373963333131663737373265333938386262313533353863
33316638623132386237323336376266653632316566626237636563653137333362376238643535
36373264333137333234323737643962363932653235326131363439336431353065646361363634
65616236383632646534333930376562346637383161623764366163343266313538
