$ANSIBLE_VAULT;1.1;AES256
65623830373639633639343832323433353930623735303836613032623034376231613739366631
3863353839396432303162333233373338646561626638390a656465646663353932656363363737
34666466666130376261366436643833393032313136616232363430346462303563323865313466
3933343935323664630a613861656636356336333231386463393965313166623434363733383930
30646539623938633836636466396463353732663164653730393962336537656639663363333866
35393632386134393263303463376133383663613134383337626331623334626265343665656237
37646438373764356439663263313432386238323730343930363265356536393231313065336232
66303031666464333630616136376635393435386334663732643931613633643932383766643535
36306438326233623937633162393139636263643435363664636133646661383231333161306463
62376161633738386638383338386463383236343165346631623366646437353062313837623439
66633566346364386638626163343832653065633961336537303862363461663933303936333566
36393034393165633433643638336433623731653532393336656132316462363766646635636431
66626464376334333361633731653365626238376332333937313438393230643961613139376465
33613137643565393039613534666363306266346430396262336430313133313261363733313232
38306639356538393935313463383635343834303034343836643964303332656237666133646239
65303565663130373865663563616637646663663165316363373562656537356566333738333636
61383266626134373363633532333338656231663862333839363035653563366466333364613236
61373430303861393064376331326264653830646564626665653434636564386633643933643731
38633039666333333561313430313065393762633130396464376565643832383265623530313461
65626634656632643362636366393234646631373834383831633266346135613666636534346335
35333630396161623939383864663734626161393037373731353865333238363631393166393535
31363835336238336234373035383034663863393561656538303230336639613536363937623062
38376432663030376336326531616133373063353332376232643032366332363232653036636632
31386565383132663762303236326262313833373538336231376632383431353962336333333135
63323038366230323537353964396162343334653239346634363331656438623966356233666230
39303937393931316664343061343261346130646564303565643731326233663737643565646162
66373639613837333766633361646561376663613431353962633032636161626534383861356634
37323664376261366163
